%YAML:1.0
---
K: !!opencv-matrix
   rows: 3
   cols: 3
   dt: d
   data: [ 8.1420844958125474e+02, 0., 3.7424693993052762e+02, 0.,
       7.9701777295499255e+02, 1.9183388810195834e+02, 0., 0., 1. ]
D: !!opencv-matrix
   rows: 1
   cols: 5
   dt: d
   data: [ -3.4627207137498901e-02, 1.0563820170273133e+00,
       -5.7158062599802330e-03, -3.1177370300591247e-03,
       -3.5678305607321836e+00 ]
